   2   16
1 1
     4.282080905348589     0.000000000000000     0.000000000000000
     0.000000000000000     4.282080905348590     0.000000000000000
     0.000000000000000     0.000000000000000     4.369351998986716
1 2
    -2.094566551570776     0.000000000000000     0.000000000000000
     0.000000000000000     0.068135279854953     0.000000000000000
     0.000000000000000     0.000000000000000     0.131034339830912
1 3
    -0.472540178001479     0.936477363412906     0.000000000000000
     0.936477363412906    -1.553891093714344     0.000000000000000
     0.000000000000000     0.000000000000000     0.131034339830913
1 4
    -0.472540178001479    -0.936477363412906     0.000000000000000
    -0.936477363412906    -1.553891093714344     0.000000000000000
     0.000000000000000     0.000000000000000     0.131034339830913
1 5
     0.014933548027636     0.000000000000000     0.000000000000000
     0.000000000000000     0.014933548027636     0.000000000000000
     0.000000000000000     0.000000000000000    -0.089259904061651
1 6
    -0.034553775757591     0.000000000000000     0.000000000000000
     0.000000000000000     0.019093862912304     0.000000000000000
     0.000000000000000     0.000000000000000     0.008921989258062
1 7
     0.005681953244830     0.023230108970589     0.000000000000000
     0.023230108970589    -0.021141866090118     0.000000000000000
     0.000000000000000     0.000000000000000     0.008921989258062
1 8
     0.005681953244830    -0.023230108970589     0.000000000000000
    -0.023230108970589    -0.021141866090118     0.000000000000000
     0.000000000000000     0.000000000000000     0.008921989258062
1 9
    -0.275519966716239     0.174775553609562     0.486001515231001
     0.174775553609563    -0.073706540867745    -0.280593105645185
     0.486001515231001    -0.280593105645184    -0.753037264603396
1 10
    -0.275519966716239    -0.174775553609563    -0.486001515231001
    -0.174775553609563    -0.073706540867745    -0.280593105645184
    -0.486001515231001    -0.280593105645184    -0.753037264603395
1 11
     0.027200172056502     0.000000000000000     0.000000000000000
     0.000000000000000    -0.376426679640486     0.561186211290369
     0.000000000000000     0.561186211290369    -0.753037264603396
1 12
    -0.093249076891305     0.000000000000000     0.000000000000000
     0.000000000000000    -0.093249076891305     0.000000000000000
     0.000000000000000     0.000000000000000    -0.090868747285808
1 13
    -0.275519966716239     0.174775553609563    -0.486001515231001
     0.174775553609563    -0.073706540867745     0.280593105645184
    -0.486001515231001     0.280593105645184    -0.753037264603396
1 14
    -0.275519966716239    -0.174775553609563     0.486001515231001
    -0.174775553609563    -0.073706540867745     0.280593105645184
     0.486001515231001     0.280593105645184    -0.753037264603396
1 15
     0.027200172056502    -0.000000000000000     0.000000000000000
    -0.000000000000000    -0.376426679640486    -0.561186211290369
     0.000000000000000    -0.561186211290369    -0.753037264603396
1 16
    -0.093249076891305     0.000000000000000     0.000000000000000
     0.000000000000000    -0.093249076891305     0.000000000000000
     0.000000000000000     0.000000000000000    -0.090868747285808
9 1
    -0.275519966716239     0.174775553609563     0.486001515231001
     0.174775553609562    -0.073706540867745    -0.280593105645184
     0.486001515231001    -0.280593105645185    -0.753037264603396
9 2
    -0.275519966716239    -0.174775553609563    -0.486001515231001
    -0.174775553609563    -0.073706540867745    -0.280593105645184
    -0.486001515231001    -0.280593105645184    -0.753037264603395
9 3
     0.027200172056502     0.000000000000000     0.000000000000000
     0.000000000000000    -0.376426679640486     0.561186211290369
     0.000000000000000     0.561186211290369    -0.753037264603396
9 4
    -0.093249076891305     0.000000000000000     0.000000000000000
     0.000000000000000    -0.093249076891305     0.000000000000000
     0.000000000000000     0.000000000000000    -0.090868747285808
9 5
    -0.275519966716239     0.174775553609563    -0.486001515231001
     0.174775553609563    -0.073706540867745     0.280593105645184
    -0.486001515231001     0.280593105645184    -0.753037264603396
9 6
    -0.275519966716239    -0.174775553609563     0.486001515231001
    -0.174775553609563    -0.073706540867745     0.280593105645184
     0.486001515231001     0.280593105645184    -0.753037264603396
9 7
     0.027200172056502    -0.000000000000000     0.000000000000000
    -0.000000000000000    -0.376426679640486    -0.561186211290369
     0.000000000000000    -0.561186211290369    -0.753037264603396
9 8
    -0.093249076891305     0.000000000000000     0.000000000000000
     0.000000000000000    -0.093249076891305     0.000000000000000
     0.000000000000000     0.000000000000000    -0.090868747285808
9 9
     4.282080905348590    -0.000000000000000     0.000000000000000
    -0.000000000000000     4.282080905348590     0.000000000000000
     0.000000000000000     0.000000000000000     4.369351998986716
9 10
    -2.094566551570776     0.000000000000000     0.000000000000000
     0.000000000000000     0.068135279854953     0.000000000000000
     0.000000000000000     0.000000000000000     0.131034339830913
9 11
    -0.472540178001479     0.936477363412906     0.000000000000000
     0.936477363412906    -1.553891093714344     0.000000000000000
     0.000000000000000     0.000000000000000     0.131034339830913
9 12
    -0.472540178001479    -0.936477363412906     0.000000000000000
    -0.936477363412906    -1.553891093714344     0.000000000000000
     0.000000000000000     0.000000000000000     0.131034339830913
9 13
     0.014933548027636    -0.000000000000000     0.000000000000000
    -0.000000000000000     0.014933548027636     0.000000000000000
     0.000000000000000     0.000000000000000    -0.089259904061651
9 14
    -0.034553775757591    -0.000000000000000     0.000000000000000
    -0.000000000000000     0.019093862912304     0.000000000000000
     0.000000000000000     0.000000000000000     0.008921989258062
9 15
     0.005681953244830     0.023230108970589     0.000000000000000
     0.023230108970589    -0.021141866090118     0.000000000000000
     0.000000000000000     0.000000000000000     0.008921989258062
9 16
     0.005681953244830    -0.023230108970589     0.000000000000000
    -0.023230108970589    -0.021141866090118     0.000000000000000
     0.000000000000000     0.000000000000000     0.008921989258062