ATOM_NAME = Mg
DIM = 3 3 3
BAND_POINTS = 101

BAND = 0.0 0.0 0.0  0.5 0.0 0.0  0.333333 0.333333 0.0  0.0 0.0 0.0  0.0 0.0 0.5  0.0 0.5 0.5  0.333333 0.333333 0.5  0.0 0.0 0.5,  0.0 0.5 0.5  0.5 0.0 0.0,  0.333333 0.333333 0.0  0.333333 0.333333 0.5

FORCE_SETS = FORCE_SETS
