   2   54
1 1
     2.805372325752789     0.000000000000000     0.000000000000000
     0.000000000000000     2.805372325752787     0.000000000000000
     0.000000000000000     0.000000000000000     2.855602121346450
1 2
    -0.611441781778223     0.004946716001347     0.000000000000000
    -0.004946716001347    -0.035326831431760     0.000000000000000
     0.000000000000000     0.000000000000000    -0.016377821635478
1 3
    -0.611441781778223    -0.004946716001347     0.000000000000000
     0.004946716001347    -0.035326831431760     0.000000000000000
     0.000000000000000     0.000000000000000    -0.016377821635478
1 4
    -0.179355569018376     0.254411807251371     0.000000000000000
     0.244518375248677    -0.467413044191607     0.000000000000000
     0.000000000000000     0.000000000000000    -0.016377821635478
1 5
    -0.179355569018375    -0.254411807251371     0.000000000000000
    -0.244518375248677    -0.467413044191607     0.000000000000000
     0.000000000000000     0.000000000000000    -0.016377821635478
1 6
    -0.016649213780659     0.000000000000000     0.000000000000000
     0.000000000000000    -0.016649213780659     0.000000000000000
     0.000000000000000     0.000000000000000     0.023277736325048
1 7
    -0.179355569018376     0.244518375248677     0.000000000000000
     0.254411807251371    -0.467413044191607     0.000000000000000
     0.000000000000000     0.000000000000000    -0.016377821635478
1 8
    -0.016649213780659     0.000000000000000     0.000000000000000
     0.000000000000000    -0.016649213780659     0.000000000000000
     0.000000000000000     0.000000000000000     0.023277736325048
1 9
    -0.179355569018375    -0.244518375248677     0.000000000000000
    -0.254411807251371    -0.467413044191607     0.000000000000000
     0.000000000000000     0.000000000000000    -0.016377821635478
1 10
     0.009000812457184     0.000000000000000     0.000000000000000
     0.000000000000000     0.009000812457184     0.000000000000000
     0.000000000000000     0.000000000000000    -0.036538500687136
1 11
    -0.001735222986374     0.001249209158221     0.000124970192482
    -0.001249209158221     0.003602762833119    -0.002356081609944
     0.000124970192482     0.002356081609944     0.000928966512854
1 12
    -0.001735222986374    -0.001249209158221    -0.000124970192482
     0.001249209158221     0.003602762833119    -0.002356081609944
    -0.000124970192482     0.002356081609944     0.000928966512854
1 13
     0.002268266378246     0.003560624820582     0.001977941431360
     0.001062206504140    -0.000400726531501     0.001286268166377
    -0.002102911623842    -0.001069813443567     0.000928966512854
1 14
     0.002268266378246    -0.003560624820582    -0.001977941431360
    -0.001062206504140    -0.000400726531501     0.001286268166377
     0.002102911623842    -0.001069813443567     0.000928966512854
1 15
     0.000813226632331     0.000000000000000     0.000000000000000
     0.000000000000000     0.000813226632331     0.000000000000000
     0.000000000000000     0.000000000000000     0.000577653610207
1 16
     0.002268266378246     0.001062206504140     0.002102911623842
     0.003560624820582    -0.000400726531501     0.001069813443567
    -0.001977941431360    -0.001286268166377     0.000928966512854
1 17
     0.000813226632331     0.000000000000000     0.000000000000000
     0.000000000000000     0.000813226632331     0.000000000000000
     0.000000000000000     0.000000000000000     0.000577653610207
1 18
     0.002268266378246    -0.001062206504140    -0.002102911623842
    -0.003560624820582    -0.000400726531501     0.001069813443567
     0.001977941431360    -0.001286268166377     0.000928966512854
1 19
     0.009000812457184     0.000000000000000     0.000000000000000
     0.000000000000000     0.009000812457184     0.000000000000000
     0.000000000000000     0.000000000000000    -0.036538500687136
1 20
    -0.001735222986374     0.001249209158221    -0.000124970192482
    -0.001249209158221     0.003602762833119     0.002356081609944
    -0.000124970192482    -0.002356081609944     0.000928966512854
1 21
    -0.001735222986374    -0.001249209158221     0.000124970192482
     0.001249209158221     0.003602762833119     0.002356081609944
     0.000124970192482    -0.002356081609944     0.000928966512854
1 22
     0.002268266378246     0.003560624820582    -0.001977941431360
     0.001062206504140    -0.000400726531501    -0.001286268166377
     0.002102911623842     0.001069813443567     0.000928966512854
1 23
     0.002268266378246    -0.003560624820582     0.001977941431360
    -0.001062206504140    -0.000400726531501    -0.001286268166377
    -0.002102911623842     0.001069813443567     0.000928966512854
1 24
     0.000813226632331     0.000000000000000     0.000000000000000
     0.000000000000000     0.000813226632331     0.000000000000000
     0.000000000000000     0.000000000000000     0.000577653610207
1 25
     0.002268266378246     0.001062206504140    -0.002102911623842
     0.003560624820582    -0.000400726531501    -0.001069813443567
     0.001977941431360     0.001286268166377     0.000928966512854
1 26
     0.000813226632331     0.000000000000000     0.000000000000000
     0.000000000000000     0.000813226632331     0.000000000000000
     0.000000000000000     0.000000000000000     0.000577653610207
1 27
     0.002268266378246    -0.001062206504140     0.002102911623842
    -0.003560624820582    -0.000400726531501    -0.001069813443567
    -0.001977941431360     0.001286268166377     0.000928966512854
1 28
    -0.015745167707868    -0.000000000000000     0.000000000000000
    -0.000000000000000    -0.249406860282374    -0.296868338844489
     0.000000000000000    -0.296868338844489    -0.451311422122330
1 29
    -0.011820952096267    -0.009055544371244    -0.014856203714527
    -0.009055544371244    -0.001364510135474    -0.008577233213718
    -0.014856203714527    -0.008577233213718    -0.009848122382764
1 30
    -0.011820952096267     0.009055544371244     0.014856203714527
     0.009055544371244    -0.001364510135474    -0.008577233213718
     0.014856203714527    -0.008577233213718    -0.009848122382764
1 31
     0.005598504390430     0.018130733147968    -0.001997989720087
     0.018130733147968    -0.015337062936739    -0.001153539902730
    -0.001997989720087    -0.001153539902730     0.003780898604346
1 32
     0.005598504390430    -0.018130733147968     0.001997989720087
    -0.018130733147968    -0.015337062936739    -0.001153539902730
     0.001997989720087    -0.001153539902730     0.003780898604346
1 33
     0.003863710844922     0.000000000000000     0.000000000000000
     0.000000000000000    -0.017049173076663     0.017154466427436
     0.000000000000000     0.017154466427436    -0.009848122382764
1 34
    -0.190991437138747     0.101178480830396    -0.257095523018614
     0.101178480830396    -0.074160590851494     0.148434169422245
    -0.257095523018614     0.148434169422245    -0.451311422122330
1 35
    -0.025804846600323    -0.000000000000000     0.000000000000000
    -0.000000000000000     0.016066288054015     0.002307079805460
     0.000000000000000     0.002307079805460     0.003780898604346
1 36
    -0.190991437138747    -0.101178480830396     0.257095523018614
    -0.101178480830396    -0.074160590851494     0.148434169422245
     0.257095523018614     0.148434169422245    -0.451311422122330
1 37
     0.000000035246577    -0.000000000000000     0.000000000000000
     0.000000000000000     0.000000035246576     0.000000000000000
     0.000000000000000     0.000000000000000     0.000000000000000
1 38
     0.000000035246577     0.000000000000000     0.000000000000000
     0.000000000000000     0.000000035246576     0.000000000000000
     0.000000000000000     0.000000000000000     0.000000000000000
1 39
     0.000000035246577    -0.000000000000000     0.000000000000000
    -0.000000000000000     0.000000035246576     0.000000000000000
     0.000000000000000     0.000000000000000     0.000000000000000
1 40
     0.000000035246576    -0.000000000000000     0.000000000000000
    -0.000000000000000     0.000000035246576     0.000000000000000
     0.000000000000000     0.000000000000000     0.000000000000000
1 41
     0.000000035246576     0.000000000000000     0.000000000000000
     0.000000000000000     0.000000035246576     0.000000000000000
     0.000000000000000     0.000000000000000     0.000000000000000
1 42
     0.000000035246576     0.000000000000000     0.000000000000000
     0.000000000000000     0.000000035246577     0.000000000000000
     0.000000000000000     0.000000000000000     0.000000000000000
1 43
     0.000000035246576     0.000000000000000     0.000000000000000
     0.000000000000000     0.000000035246576     0.000000000000000
     0.000000000000000     0.000000000000000     0.000000000000000
1 44
     0.000000035246576     0.000000000000000     0.000000000000000
     0.000000000000000     0.000000035246576     0.000000000000000
     0.000000000000000     0.000000000000000     0.000000000000000
1 45
     0.000000035246576    -0.000000000000000     0.000000000000000
    -0.000000000000000     0.000000035246576     0.000000000000000
     0.000000000000000     0.000000000000000     0.000000000000000
1 46
    -0.015745167707868     0.000000000000000     0.000000000000000
     0.000000000000000    -0.249406860282374     0.296868338844489
     0.000000000000000     0.296868338844489    -0.451311422122330
1 47
    -0.011820952096267    -0.009055544371244     0.014856203714527
    -0.009055544371244    -0.001364510135474     0.008577233213718
     0.014856203714527     0.008577233213718    -0.009848122382764
1 48
    -0.011820952096267     0.009055544371244    -0.014856203714527
     0.009055544371244    -0.001364510135474     0.008577233213718
    -0.014856203714527     0.008577233213718    -0.009848122382764
1 49
     0.005598504390430     0.018130733147968     0.001997989720087
     0.018130733147968    -0.015337062936739     0.001153539902730
     0.001997989720087     0.001153539902730     0.003780898604346
1 50
     0.005598504390430    -0.018130733147968    -0.001997989720087
    -0.018130733147968    -0.015337062936739     0.001153539902730
    -0.001997989720087     0.001153539902730     0.003780898604346
1 51
     0.003863710844922     0.000000000000000     0.000000000000000
     0.000000000000000    -0.017049173076663    -0.017154466427436
     0.000000000000000    -0.017154466427436    -0.009848122382764
1 52
    -0.190991437138747     0.101178480830396     0.257095523018614
     0.101178480830396    -0.074160590851494    -0.148434169422245
     0.257095523018614    -0.148434169422245    -0.451311422122330
1 53
    -0.025804846600323     0.000000000000000     0.000000000000000
     0.000000000000000     0.016066288054015    -0.002307079805460
     0.000000000000000    -0.002307079805460     0.003780898604346
1 54
    -0.190991437138747    -0.101178480830396    -0.257095523018614
    -0.101178480830396    -0.074160590851494    -0.148434169422245
    -0.257095523018614    -0.148434169422245    -0.451311422122330
28 1
    -0.015745167707868    -0.000000000000000     0.000000000000000
    -0.000000000000000    -0.249406860282374    -0.296868338844489
     0.000000000000000    -0.296868338844489    -0.451311422122330
28 2
    -0.011820952096267     0.009055544371244     0.014856203714527
     0.009055544371244    -0.001364510135474    -0.008577233213718
     0.014856203714527    -0.008577233213718    -0.009848122382764
28 3
    -0.011820952096267    -0.009055544371244    -0.014856203714527
    -0.009055544371244    -0.001364510135474    -0.008577233213718
    -0.014856203714527    -0.008577233213718    -0.009848122382764
28 4
    -0.190991437138747     0.101178480830396    -0.257095523018614
     0.101178480830396    -0.074160590851494     0.148434169422245
    -0.257095523018614     0.148434169422245    -0.451311422122330
28 5
    -0.190991437138747    -0.101178480830396     0.257095523018614
    -0.101178480830396    -0.074160590851494     0.148434169422245
     0.257095523018614     0.148434169422245    -0.451311422122330
28 6
    -0.025804846600323    -0.000000000000000     0.000000000000000
    -0.000000000000000     0.016066288054015     0.002307079805460
     0.000000000000000     0.002307079805460     0.003780898604346
28 7
     0.005598504390430     0.018130733147968    -0.001997989720087
     0.018130733147968    -0.015337062936739    -0.001153539902730
    -0.001997989720087    -0.001153539902730     0.003780898604346
28 8
     0.003863710844922     0.000000000000000     0.000000000000000
     0.000000000000000    -0.017049173076663     0.017154466427436
     0.000000000000000     0.017154466427436    -0.009848122382764
28 9
     0.005598504390430    -0.018130733147968     0.001997989720087
    -0.018130733147968    -0.015337062936739    -0.001153539902730
     0.001997989720087    -0.001153539902730     0.003780898604346
28 10
    -0.015745167707868     0.000000000000000     0.000000000000000
     0.000000000000000    -0.249406860282374     0.296868338844489
     0.000000000000000     0.296868338844489    -0.451311422122330
28 11
    -0.011820952096267     0.009055544371244    -0.014856203714527
     0.009055544371244    -0.001364510135474     0.008577233213718
    -0.014856203714527     0.008577233213718    -0.009848122382764
28 12
    -0.011820952096267    -0.009055544371244     0.014856203714527
    -0.009055544371244    -0.001364510135474     0.008577233213718
     0.014856203714527     0.008577233213718    -0.009848122382764
28 13
    -0.190991437138747     0.101178480830396     0.257095523018614
     0.101178480830396    -0.074160590851494    -0.148434169422245
     0.257095523018614    -0.148434169422245    -0.451311422122330
28 14
    -0.190991437138747    -0.101178480830396    -0.257095523018614
    -0.101178480830396    -0.074160590851494    -0.148434169422245
    -0.257095523018614    -0.148434169422245    -0.451311422122330
28 15
    -0.025804846600323     0.000000000000000     0.000000000000000
     0.000000000000000     0.016066288054015    -0.002307079805460
     0.000000000000000    -0.002307079805460     0.003780898604346
28 16
     0.005598504390430     0.018130733147968     0.001997989720087
     0.018130733147968    -0.015337062936739     0.001153539902730
     0.001997989720087     0.001153539902730     0.003780898604346
28 17
     0.003863710844922     0.000000000000000     0.000000000000000
     0.000000000000000    -0.017049173076663    -0.017154466427436
     0.000000000000000    -0.017154466427436    -0.009848122382764
28 18
     0.005598504390430    -0.018130733147968    -0.001997989720087
    -0.018130733147968    -0.015337062936739     0.001153539902730
    -0.001997989720087     0.001153539902730     0.003780898604346
28 19
     0.000000035246577     0.000000000000000     0.000000000000000
    -0.000000000000000     0.000000035246576     0.000000000000000
     0.000000000000000     0.000000000000000     0.000000000000000
28 20
     0.000000035246577    -0.000000000000000     0.000000000000000
    -0.000000000000000     0.000000035246576     0.000000000000000
     0.000000000000000     0.000000000000000     0.000000000000000
28 21
     0.000000035246577     0.000000000000000     0.000000000000000
     0.000000000000000     0.000000035246576     0.000000000000000
     0.000000000000000     0.000000000000000     0.000000000000000
28 22
     0.000000035246576     0.000000000000000     0.000000000000000
     0.000000000000000     0.000000035246576     0.000000000000000
     0.000000000000000     0.000000000000000     0.000000000000000
28 23
     0.000000035246576    -0.000000000000000     0.000000000000000
    -0.000000000000000     0.000000035246576     0.000000000000000
     0.000000000000000     0.000000000000000     0.000000000000000
28 24
     0.000000035246576     0.000000000000000     0.000000000000000
     0.000000000000000     0.000000035246576     0.000000000000000
     0.000000000000000     0.000000000000000     0.000000000000000
28 25
     0.000000035246576    -0.000000000000000     0.000000000000000
    -0.000000000000000     0.000000035246576     0.000000000000000
     0.000000000000000     0.000000000000000     0.000000000000000
28 26
     0.000000035246576     0.000000000000000     0.000000000000000
     0.000000000000000     0.000000035246577     0.000000000000000
     0.000000000000000     0.000000000000000     0.000000000000000
28 27
     0.000000035246576     0.000000000000000     0.000000000000000
     0.000000000000000     0.000000035246576     0.000000000000000
     0.000000000000000     0.000000000000000     0.000000000000000
28 28
     2.805372325752787     0.000000000000000     0.000000000000000
     0.000000000000000     2.805372325752787     0.000000000000000
     0.000000000000000     0.000000000000000     2.855602121346450
28 29
    -0.611441781778223    -0.004946716001347     0.000000000000000
     0.004946716001347    -0.035326831431760     0.000000000000000
     0.000000000000000     0.000000000000000    -0.016377821635478
28 30
    -0.611441781778223     0.004946716001347     0.000000000000000
    -0.004946716001347    -0.035326831431760     0.000000000000000
     0.000000000000000     0.000000000000000    -0.016377821635478
28 31
    -0.179355569018375     0.244518375248677     0.000000000000000
     0.254411807251371    -0.467413044191607     0.000000000000000
     0.000000000000000     0.000000000000000    -0.016377821635478
28 32
    -0.179355569018375    -0.244518375248677     0.000000000000000
    -0.254411807251371    -0.467413044191607     0.000000000000000
     0.000000000000000     0.000000000000000    -0.016377821635478
28 33
    -0.016649213780659     0.000000000000000     0.000000000000000
     0.000000000000000    -0.016649213780659     0.000000000000000
     0.000000000000000     0.000000000000000     0.023277736325048
28 34
    -0.179355569018375     0.254411807251371     0.000000000000000
     0.244518375248677    -0.467413044191607     0.000000000000000
     0.000000000000000     0.000000000000000    -0.016377821635478
28 35
    -0.016649213780659     0.000000000000000     0.000000000000000
     0.000000000000000    -0.016649213780659     0.000000000000000
     0.000000000000000     0.000000000000000     0.023277736325048
28 36
    -0.179355569018375    -0.254411807251371     0.000000000000000
    -0.244518375248677    -0.467413044191607     0.000000000000000
     0.000000000000000     0.000000000000000    -0.016377821635478
28 37
     0.009000812457184     0.000000000000000     0.000000000000000
     0.000000000000000     0.009000812457184     0.000000000000000
     0.000000000000000     0.000000000000000    -0.036538500687136
28 38
    -0.001735222986374    -0.001249209158221     0.000124970192482
     0.001249209158221     0.003602762833119     0.002356081609944
     0.000124970192482    -0.002356081609944     0.000928966512854
28 39
    -0.001735222986374     0.001249209158221    -0.000124970192482
    -0.001249209158221     0.003602762833119     0.002356081609944
    -0.000124970192482    -0.002356081609944     0.000928966512854
28 40
     0.002268266378246     0.001062206504140    -0.002102911623842
     0.003560624820582    -0.000400726531501    -0.001069813443567
     0.001977941431360     0.001286268166377     0.000928966512854
28 41
     0.002268266378246    -0.001062206504140     0.002102911623842
    -0.003560624820582    -0.000400726531501    -0.001069813443567
    -0.001977941431360     0.001286268166377     0.000928966512854
28 42
     0.000813226632331     0.000000000000000     0.000000000000000
     0.000000000000000     0.000813226632331     0.000000000000000
     0.000000000000000     0.000000000000000     0.000577653610207
28 43
     0.002268266378246     0.003560624820582    -0.001977941431360
     0.001062206504140    -0.000400726531501    -0.001286268166377
     0.002102911623842     0.001069813443567     0.000928966512854
28 44
     0.000813226632331     0.000000000000000     0.000000000000000
     0.000000000000000     0.000813226632331     0.000000000000000
     0.000000000000000     0.000000000000000     0.000577653610207
28 45
     0.002268266378246    -0.003560624820582     0.001977941431360
    -0.001062206504140    -0.000400726531501    -0.001286268166377
    -0.002102911623842     0.001069813443567     0.000928966512854
28 46
     0.009000812457184     0.000000000000000     0.000000000000000
     0.000000000000000     0.009000812457184     0.000000000000000
     0.000000000000000     0.000000000000000    -0.036538500687136
28 47
    -0.001735222986374    -0.001249209158221    -0.000124970192482
     0.001249209158221     0.003602762833119    -0.002356081609944
    -0.000124970192482     0.002356081609944     0.000928966512854
28 48
    -0.001735222986374     0.001249209158221     0.000124970192482
    -0.001249209158221     0.003602762833119    -0.002356081609944
     0.000124970192482     0.002356081609944     0.000928966512854
28 49
     0.002268266378246     0.001062206504140     0.002102911623842
     0.003560624820582    -0.000400726531501     0.001069813443567
    -0.001977941431360    -0.001286268166377     0.000928966512854
28 50
     0.002268266378246    -0.001062206504140    -0.002102911623842
    -0.003560624820582    -0.000400726531501     0.001069813443567
     0.001977941431360    -0.001286268166377     0.000928966512854
28 51
     0.000813226632331     0.000000000000000     0.000000000000000
     0.000000000000000     0.000813226632331     0.000000000000000
     0.000000000000000     0.000000000000000     0.000577653610207
28 52
     0.002268266378246     0.003560624820582     0.001977941431360
     0.001062206504140    -0.000400726531501     0.001286268166377
    -0.002102911623842    -0.001069813443567     0.000928966512854
28 53
     0.000813226632331     0.000000000000000     0.000000000000000
     0.000000000000000     0.000813226632331     0.000000000000000
     0.000000000000000     0.000000000000000     0.000577653610207
28 54
     0.002268266378246    -0.003560624820582    -0.001977941431360
    -0.001062206504140    -0.000400726531501     0.001286268166377
     0.002102911623842    -0.001069813443567     0.000928966512854